31
20
Marcelo     25 10 15 15 20 13 17 23 17 16 21 33 28 24 27 21 19 21 17 24
Santiago    11 10 18 12 17 15 19 21 18 14 16 13 18 17 23 18 21 25 26 27
Oscar       19 26 18 24 18 20 25 23 21 26 31 29 27 25 22 24 19 17 21 22
Eugenia     16 15 19 25 20 27 29 32 31 30 34 35 27 21 26 22 18 23 24 26  
Sebastian   30 26 28 31 20 19 22 17 16 19 21 25 18 26 11 14 17 13 15 16
Camila      25 28 26 27 24 29 30 31 29 33 28 34 38 41 36 33 31 28 29 32
Maria       21 26 29 29 28 27 33 36 38 41 39 27 33 37 29 27 26 28 29 37
Federico    17 21 26 24 18 17 19 21 22 26 27 21 25 24 21 20 19 18 23 26
